34	23	92	35	72
22	17	12	33	45
88	87	73	10	56
23	58	96	82	77
77	21	32	8	87
37	43	8	52	3
95	97	89	22	8
56	69	3	98	56
31	53	70	23	88
29	28	58	89	84
55	23	31	20	29
62	44	39	62	73
66	86	12	49	74
21	16	41	60	69
4	96	6	95	3
6	77	77	2	77
3	91	37	48	7
77	9	42	31	70
70	86	97	61	1
24	53	42	69	71
37	86	61	49	75
81	85	20	28	11
82	40	15	86	43
49	29	66	73	95
81	98	32	41	99
11	94	2	2	7
22	57	25	61	58
56	38	87	18	100
6	88	76	57	19
31	90	81	97	37
52	33	79	81	48
60	29	18	13	10
58	78	66	41	81
94	81	9	75	46
98	93	87	16	66
51	35	78	20	71
70	97	8	49	38
16	25	21	30	77
18	39	12	52	100
35	94	89	81	50
25	83	10	43	27
1	55	4	89	2
100	51	12	74	63
70	17	15	96	51
45	70	2	28	65
15	16	45	73	84
21	15	43	42	40
91	9	56	20	90
11	36	64	14	89
64	5	12	94	5
54	84	68	7	82
42	5	67	96	53
65	82	54	99	2
90	45	69	74	29
40	71	2	72	72
78	61	39	84	9
8	21	8	86	64
47	50	29	96	53
21	18	43	28	10
46	80	42	68	17
4	85	47	12	30
77	61	82	95	56
61	76	52	40	14
40	57	18	56	99
29	10	46	80	76
58	8	22	4	54
32	92	30	95	16
44	92	82	38	59
29	87	58	56	88
56	44	12	29	44
80	76	96	97	52
89	2	91	44	91
22	92	11	90	9
31	56	69	53	33
41	53	91	12	74
42	72	49	56	4
85	48	12	6	22
59	30	49	93	32
24	34	65	34	45
49	29	46	33	14
89	21	8	92	8
97	3	76	96	44
12	89	86	44	80
41	21	23	24	47
47	16	53	69	57
85	48	28	32	33
96	58	93	75	21
66	46	89	34	14
76	2	40	2	70
86	29	15	35	24
89	3	64	26	7
38	63	71	41	16
20	46	79	29	2
79	61	52	24	63
14	32	9	22	75
20	17	35	40	5
22	53	52	1	54
93	61	90	17	98
17	9	55	10	25
41	68	38	85	35
25	46	23	44	64
29	67	94	55	58
23	27	98	80	76
63	14	7	10	61
22	22	40	53	42
86	41	8	47	14
6	56	93	22	85
72	76	25	42	11
11	90	10	78	88
60	32	47	64	29
61	47	58	96	49
68	1	66	71	83
5	42	11	92	85
5	90	13	29	97
33	89	32	91	47
40	1	41	71	79
59	60	5	85	50
95	93	11	24	81
33	83	22	62	23
76	76	25	55	32
40	91	11	30	27
49	8	7	62	67
90	66	96	33	5
50	15	94	87	61
56	20	90	92	93
5	9	88	1	94
95	39	54	42	1
94	6	34	72	1
87	91	19	100	85
24	34	67	98	17
100	44	66	79	78
33	47	83	49	70
29	18	43	32	1
53	18	37	58	22
27	73	66	14	78
20	87	31	8	22
92	46	92	59	26
80	34	78	11	60
7	53	36	46	70
85	28	14	18	81
19	37	85	87	38
6	96	45	11	96
21	40	9	41	69
36	78	31	80	76
97	58	37	97	12
15	62	24	63	67
15	42	96	90	12
56	93	33	35	14
100	100	7	55	16
44	42	74	75	86
81	78	98	41	64
8	31	48	14	69
32	50	34	59	73
94	11	48	11	47
68	55	91	69	7
37	92	39	68	49
7	49	84	60	13
24	22	74	57	36
75	1	11	57	37
72	53	91	96	17
34	88	60	100	72
89	73	72	41	57
93	26	66	28	55
26	85	95	26	96
10	62	18	58	25
18	7	43	16	50
21	73	63	80	8
94	66	55	16	4
42	32	86	1	30
45	13	58	65	56
47	75	21	90	64
61	52	26	64	20
89	92	23	41	77
82	74	48	82	30
29	60	52	31	60
48	99	72	14	73
44	4	34	99	17
3	91	39	27	70
97	45	52	10	28
85	25	12	61	80
8	59	25	88	58
3	77	23	43	20
95	20	92	58	78
76	49	88	59	60
55	44	50	95	32
37	5	82	44	64
80	61	97	92	97
55	33	23	38	48
94	58	86	90	23
97	37	1	11	69
61	32	1	8	73
6	68	45	55	44
1	32	71	18	59
33	85	38	47	92
66	28	22	12	78
99	86	75	52	75
62	46	93	14	71
86	91	49	15	26
95	93	98	35	19
53	26	91	52	38